0
2
168
9
136
217
14
50
14
130
106
193
197
16
0
0
2
95
136
203
10
117
244
11
17
217
210
2
41
4
112
245
237
237
1
157
194
194
87
82
132
197
5
18
23
10
112
224
15
174
191
16
88
124
225
13
60
1
122
244
3
98
179
248
15
137
216
14
86
141
203
7
94
148
229
2
94
145
188
128
241
15
110
216
16
104
214
168
188
62
4
42
200
3
31
2
97
160
220
3
88
148
200
115
246
10
154
224
209
93
159
220
<UNK>
11
26
196
11
70
188
142
209
11
91
149
218
14
167
189
176
199
6
178
226
92
140
194
143
196
9
158
216
138
248
7
93
111
233
138
218
9
35
200
10
132
206
1
87
133
194
157
245
0
40
2
129
217
6
83
158
218
7
92
121
192
8
31
8
102
14
50
0
12
83
2
92
159
209
8
94
123
195
2
93
124
207
202
11
31
10
205
16
50
5
93
162
232
10
94
135
196
121
186
16
86
137
196
158
193
109
201
21
16
90
123
230
3
25
183
221
15
94
142
213
208
4
86
145
191
145
203
5
92
140
245
11
86
109
198
4
221
221
2
154
223
11
156
217
9
31
120
186
9
108
230
12
97
171
191
10
217
217
187
4
202
10
83
3
84
144
207
9
98
122
244
11
98
140
210
5
85
147
210
2
89
141
189
119
206
15
61
9
88
132
223
11
93
154
203
2
84
140
248
9
221
168
246
15
166
222
11
63
6
89
158
236
0
1
122
192
7
156
198
3
18
28
14
243
0
8
234
138
197
3
156
207
207
15
116
243
2
137
208
40
189
7
89
160
186
6
222
4
174
216
14
216
5
54
54
2
92
145
241
16
91
166
222
192
9
18
22
2
114
198
14
60
3
156
195
11
92
118
221
14
50
10
205
0
2
35
2
137
232
13
111
187
11
154
228
14
50
13
83
104
213
195
14
108
187
124
212
40
11
96
124
187
6
147
196
16
35
2
84
109
232
14
92
142
217
16
169
203
4
50
195
5
84
136
192
3
62
217
5
17
78
6
86
147
236
13
88
124
188
13
84
142
189
11
174
191
1
19
160
226
100
217
1
87
117
216
8
50
11
70
85
118
192
168
198
6
6
174
214
14
179
224
8
83
5
205
10
67
2
96
124
211
14
85
140
248
9
19
66
187
11
91
152
248
1
70
6
126
192
15
96
163
248
211
5
65
8
94
147
214
195
0
1
102
200
21
15
89
133
207
14
166
211
2
96
140
188
124
188
16
179
217
84
128
218
11
87
131
191
120
220
12
114
216
10
97
154
193
172
192
222
12
26
0
0
218
12
91
120
203
16
93
137
207
168
185
104
229
14
90
157
206
5
123
188
183
186
150
209
16
50
8
82
14
243
4
86
141
194
5
91
164
197
182
216
9
50
210
12
70
70
210
144
214
16
87
149
237
190
5
67
10
230
1
90
152
187
5
26
1
108
204
12
95
163
211
10
81
5
31
11
86
133
222
6
186
4
88
138
224
13
88
108
230
13
90
158
193
3
87
156
223
4
97
122
205
10
87
148
248
4
96
168
200
2
92
145
189
119
240
91
156
211
2
94
149
212
4
90
117
203
3
67
14
85
147
213
40
192
5
98
98
181
181
208
5
91
165
214
9
62
4
220
15
83
120
199
94
163
198
3
35
7
116
215
12
86
134
199
93
144
195
162
244
9
64
3
63
10
86
113
206
9
84
84
84
120
226
93
156
187
136
221
0
13
31
5
221
188
6
95
131
208
208
11
91
160
200
<UNK>
3
205
0
10
42
1
95
156
211
4
18
119
218
218
1
89
116
210
1
216
10
215
7
95
129
212
10
91
144
194
128
242
209
8
96
161
203
9
18
57
120
211
7
70
201
144
218
218
4
91
160
186
9
35
11
92
139
197
133
196
1
91
114
193
119
230
2
89
139
217
168
189
16
96
135
221
1
60
138
196
120
228
168
194
14
179
217
4
97
152
189
123
234
234
0
0
9
95
145
194
0
8
95
119
211
10
88
152
186
4
93
141
192
1
33
6
31
5
91
119
228
192
3
86
149
225
7
65
187
6
97
144
232
13
88
160
185
5
93
165
209
16
89
152
198
12
97
167
191
7
86
124
194
2
236
4
70
8
176
193
9
61
13
219
222
1
86
123
188
13
82
128
216
94
133
216
15
18
174
198
137
241
11
31
8
87
128
200
16
96
138
232
3
25
13
88
114
232
16
85
135
218
15
25
14
221
1
94
113
234
12
85
127
188
6
220
14
221
14
87
126
202
9
19
70
6
214
5
19
105
213
11
94
155
240
100
194
5
95
131
212
4
187
179
232
200
8
240
200
14
61
2
89
103
187
2
213
9
97
164
248
2
234
6
83
8
98
3
221
5
67
15
102
235
8
225
15
97
136
231
40
6
87
112
188
11
82
182
202
13
87
159
213
2
59
7
50
0
0
3
243
6
97
165
192
8
25
9
91
164
227
10
202
150
222
4
96
125
233
6
98
150
220
14
67
7
90
145
190
6
65
9
61
15
221
7
89
151
220
100
188
74
7
92
122
234
13
179
203
1
17
66
7
84
120
236
4
35
196
9
221
15
179
187
8
31
10
90
156
192
16
94
133
211
94
156
186
150
187
11
98
11
86
153
214
6
53
190
3
108
241
14
91
113
201
9
221
3
243
3
108
240
12
220
137
223
10
102
186
144
224
1
18
119
187
141
198
198
14
84
144
223
40
3
96
148
233
93
129
226
16
87
125
244
17
25
13
90
141
224
192
13
33
209
8
95
154
229
0
196
1
50
1
84
152
192
2
95
112
203
7
42
91
136
209
9
94
138
193
30
8
224
6
84
122
193
0
168
207
2
236
3
18
111
204
8
70
7
98
6
95
114
206
14
35
15
31
3
67
11
89
110
209
6
86
127
218
218
168
195
15
82
181
187
16
97
148
190
7
64
0
8
88
169
232
9
17
73
2
224
138
198
168
227
3
25
12
54
187
187
192
144
193
102
210
2
93
158
195
181
3
225
6
53
188
231
10
146
205
205
3
95
158
218
94
102
3
42
11
53
94
106
226
2
94
126
208
145
226
85
179
12
94
120
187
4
88
127
209
4
89
164
186
54
3
19
53
15
222
12
42
11
88
117
197
15
202
4
17
63
15
88
162
204
6
96
115
240
168
220
11
88
120
204
168
187
16
236
10
177
13
91
144
215
195
8
25
11
18
23
209
9
89
123
189
12
198
16
16
242
84
137
26
9
90
178
191
0
15
96
160
205
2
2
88
109
212
12
59
200
220
220
9
234
2
61
12
70
17
151
217
8
35
191
246
12
135
211
4
222
14
94
158
201
1
50
200
0
209
14
94
126
217
168
196
2
215
15
92
145
188
<UNK>
210
200
12
89
110
200
2
86
212
100
245
10
97
154
197
8
205
9
219
93
150
202
15
88
120
245
15
50
196
13
63
120
201
3
221
93
108
243
2
234
8
33
13
91
110
201
10
92
158
228
100
196
14
95
124
207
13
242
7
88
140
194
10
86
211
85
129
228
207
6
89
108
225
8
96
163
216
94
127
199
91
167
211
9
240
8
87
140
203
15
91
112
202
202
10
221
9
219
2
94
108
216
4
65
4
154
197
14
170
230
5
26
5
95
165
188
70
3
84
133
209
137
209
1
50
10
185
2
89
129
187
6
84
120
229
2
213
7
84
157
197
3
97
163
221
6
84
145
221
13
154
218
11
154
232
1
91
149
197
3
83
128
211
0
0
100
204
3
93
138
223
12
95
160
198
8
91
173
208
3
174
6
179
194
115
186
2
85
127
238
188
0
11
85
138
199
188
10
240
4
220
16
91
113
192
3
18
20
4
89
113
201
<UNK>
<UNK>
10
25
100
246
2
221
195
142
205
9
97
174
228
3
85
117
215
3
91
125
228
190
122
215
120
191
3
167
200
181
205
0
5
163
190
7
85
162
225
168
201
16
244
1
97
121
220
168
219
93
153
240
1
91
149
233
0
198
128
211
12
70
221
93
160
212
16
223
6
205
138
220
94
166
203
14
42
195
6
92
156
206
7
86
148
219
10
242
10
93
149
233
1
17
46
6
35
15
64
16
211
168
189
165
224
15
240
1
91
142
208
150
211
14
91
146
200
10
90
164
187
3
86
146
218
100
200
0
13
199
14
84
136
242
1
89
141
222
16
26
100
195
195
13
221
190
2
35
150
216
6
31
<UNK>
209
15
221
93
164
194
15
98
4
90
126
190
154
229
16
61
200
8
234
14
170
209
7
65
13
84
108
189
15
102
186
8
214
8
97
131
190
11
26
16
221
201
10
117
214
15
242
13
205
7
88
125
185
8
91
140
203
16
65
7
88
125
226
8
82
16
219
5
83
8
176
202
202
10
203
6
90
114
203
2
92
136
207
16
214
16
26
10
224
10
97
134
222
4
219
4
19
111
196
2
87
164
233
0
0
11
85
131
214
7
202
94
143
186
8
82
115
204
91
122
195
168
210
8
94
127
204
4
208
95
157
192
225
3
94
155
206
3
48
40
11
120
98
120
223
1
97
231
5
91
129
195
215
7
86
195
8
93
166
218
15
233
8
72
187
187
125
193
210
0
6
212
8
85
132
185
10
83
115
230
8
70
12
204
11
211
100
244
3
25
91
129
205
201
202
15
85
134
218
1
216
216
5
17
192
12
216
9
64
8
95
126
217
3
65
100
192
114
224
11
98
123
217
6
174
215
8
65
4
86
149
203
7
54
94
171
206
<UNK>
183
213
8
82
121
199
9
199
8
61
<UNK>
