<UNK>
<UNK>
236
16
6
14
4
94
163
163
200
14
4
94
137
112
233
7
4
0
16
0
91
240
14
222
191
225
7
202
195
204
201
0
201
216
225
202
209
209
24
24
24
0
9
136
226
4
176
189
195
14
92
109
248
13
89
114
114
216
91
138
229
8
72
190
186
11
147
196
8
93
154
154
192
5
88
173
3
31
188
120
193
12
88
144
239
2
84
126
224
11
85
132
206
0
138
210
10
96
117
190
185
3
167
203
10
170
7
157
194
0
16
88
154
224
7
53
192
145
207
11
94
146
231
6
90
162
213
1
117
201
122
220
220
12
107
246
12
95
163
206
14
95
132
210
9
84
150
210
16
67
5
156
222
192
179
9
61
1
96
165
239
5
87
122
194
12
101
194
119
218
16
35
15
95
158
209
4
88
141
189
7
96
138
196
15
110
194
12
108
230
11
174
217
13
48
4
96
148
218
1
102
193
108
10
50
4
42
12
61
3
91
160
232
11
154
187
17
31
168
226
12
94
136
210
14
93
148
192
87
113
223
188
5
84
133
199
144
228
190
146
248
196
104
213
14
87
112
240
4
60
16
87
165
228
1
19
70
14
108
207
13
19
76
9
84
137
187
12
174
200
135
219
12
83
121
224
137
200
11
122
214
14
92
140
248
2
67
183
213
0
9
234
16
86
121
214
1
92
154
192
1
92
159
227
13
67
12
83
152
189
7
221
8
231
10
90
122
209
8
70
6
94
124
230
3
156
208
138
189
9
64
210
0
16
96
153
188
13
93
133
228
11
67
168
213
3
245
12
82
142
193
16
81
12
98
100
228
7
81
120
209
3
98
1
70
10
82
181
2
94
136
186
13
26
4
50
9
86
115
215
193
74
5
212
4
197
13
83
163
210
10
86
140
211
3
88
114
187
7
205
16
221
10
85
178
203
2
98
150
185
104
8
87
126
232
14
184
94
157
193
2
204
204
100
187
8
243
12
102
225
1
161
194
168
193
103
189
15
42
2
92
145
215
16
85
139
215
168
187
8
231
14
167
230
11
82
3
98
7
86
153
201
14
42
14
70
11
179
3
154
212
12
76
14
92
114
189
11
33
11
219
14
93
123
208
8
199
100
206
11
88
145
209
209
13
62
190
95
141
189
9
174
215
8
97
159
219
219
5
108
203
15
92
118
217
3
61
0
14
87
128
223
8
31
16
199
5
89
101
6
221
7
98
3
94
133
201
136
202
11
31
200
12
42
9
98
2
129
209
8
98
14
81
81
11
95
124
186
150
197
197
0
16
211
13
33
168
208
15
222
11
154
246
14
91
148
225
2
59
158
208
154
199
16
50
91
162
196
138
192
2
92
141
241
14
85
162
240
7
86
150
200
87
131
228
6
92
165
188
123
204
9
17
43
196
13
84
140
234
4
206
3
86
118
199
14
184
196
8
96
158
210
210
14
92
119
240
187
4
97
140
190
9
83
130
205
3
85
128
216
222
16
50
183
236
7
94
125
232
242
3
154
222
5
187
5
154
216
137
194
0
219
16
227
<UNK>
188
15
93
120
228
228
11
31
193
16
243
14
167
202
11
246
2
93
106
106
211
40
7
91
171
191
94
144
190
6
228
183
183
201
6
91
165
228
1
243
190
124
217
4
97
153
200
212
6
70
10
91
113
247
11
95
160
236
100
192
8
221
183
225
2
93
124
209
5
54
8
50
196
10
83
13
48
4
19
36
3
96
114
206
10
224
0
10
170
196
219
5
18
22
15
202
12
97
121
202
16
91
165
224
0
8
214
2
54
9
86
108
194
124
189
8
224
188
115
190
120
209
10
90
120
219
8
65
202
13
154
224
10
95
139
186
7
85
140
207
94
161
185
13
50
2
223
210
145
194
10
90
162
192
16
223
188
0
100
248
5
82
128
226
15
97
132
203
203
15
87
157
224
211
187
9
93
171
191
4
88
117
203
8
102
214
5
87
140
218
0
11
89
110
203
1
85
145
226
5
31
4
167
240
5
82
141
241
15
87
135
208
3
245
12
179
0
14
90
125
199
188
11
97
117
208
14
96
167
217
2
223
5
65
168
225
196
95
172
191
7
93
105
210
10
90
139
221
85
108
222
16
221
92
111
224
100
217
168
204
13
88
120
190
94
137
194
8
199
14
179
210
5
219
13
59
12
31
5
97
124
195
168
216
7
94
141
185
11
91
128
206
12
26
7
70
10
70
6
102
189
3
224
8
88
149
200
<UNK>
3
64
13
111
204
14
81
120
187
136
219
137
195
16
224
224
100
227
12
62
120
199
4
94
111
248
3
92
171
209
13
82
122
245
208
15
84
148
189
13
156
214
202
15
96
180
212
0
14
205
11
156
226
10
87
149
192
11
93
159
233
15
89
129
214
9
93
126
186
87
138
228
190
168
217
7
243
138
190
13
31
9
82
178
211
87
138
238
100
185
15
202
1
17
64
0
8
93
149
208
1
18
61
4
60
14
218
15
96
146
189
13
88
124
186
9
19
37
37
9
70
16
67
6
186
87
149
209
188
115
233
12
88
123
228
15
17
62
10
87
121
241
193
6
18
57
138
207
138
187
16
92
122
200
11
62
10
50
50
13
85
114
202
138
227
11
98
3
54
14
93
116
189
124
220
5
223
14
93
135
215
14
91
162
213
13
205
208
14
85
120
239
2
88
134
195
2
61
209
7
90
149
196
95
163
226
202
168
195
16
92
166
209
209
11
62
9
219
219
208
10
245
196
16
50
7
86
142
227
11
102
188
8
116
189
160
188
13
84
154
233
233
1
60
15
95
165
195
16
88
122
185
8
96
103
7
98
10
35
0
8
216
5
61
5
33
0
7
96
147
223
12
102
225
14
42
14
96
169
202
2
224
0
198
16
214
94
111
187
120
229
12
70
11
95
116
228
6
82
82
152
187
168
220
220
13
90
140
208
10
154
193
144
211
5
18
47
7
93
130
214
10
85
147
224
209
1
116
216
5
123
210
1
88
152
213
16
98
179
211
14
94
161
219
15
82
128
205
7
93
134
192
<UNK>
10
89
145
206
2
64
6
53
202
11
87
154
190
7
199
6
197
2
88
146
240
0
138
219
4
42
7
96
169
211
100
198
198
<UNK>
12
205
5
88
159
210
13
95
130
202
7
91
144
198
3
92
113
221
2
247
12
89
112
193
87
104
191
146
211
0
4
67
4
179
239
7
54
13
42
5
223
0
213
8
224
11
91
140
227
209
13
89
114
225
6
97
137
192
109
212
158
205
0
9
220
12
35
10
88
116
236
12
93
112
224
9
93
116
248
208
182
7
97
136
227
100
244
168
208
12
70
10
210
154
207
201
99
208
3
93
120
189
3
70
14
50
100
215
6
202
0
5
18
45
221
4
83
83
157
220
94
160
246
13
97
174
226
13
219
11
94
107
187
14
58
240
15
95
164
202
11
219
8
221
9
117
200
0
16
31
16
88
133
188
85
129
207
9
94
124
248
10
202
9
35
16
179
232
14
42
138
232
11
61
1
89
119
210
14
89
126
198
5
85
141
211
10
247
16
93
121
215
13
98
144
209
209
168
191
17
47
8
219
1
93
161
240
4
199
16
220
94
156
189
9
96
160
230
1
97
159
216
15
82
11
85
178
221
4
216
6
205
11
95
151
198
9
88
124
213
13
61
13
94
147
244
7
219
8
102
8
26
209
2
97
139
216
8
31
187
6
97
155
208
9
90
125
191
168
236
14
64
4
219
8
93
125
203
13
84
137
200
6
97
125
215
4
35
2
224
9
89
155
195
7
90
121
204
6
161
187
141
188
101
185
7
89
160
225
14
158
208
3
92
127
205
7
179
213
7
61
15
85
148
221
14
202
4
42
3
87
112
233
8
25
4
219
7
94
139
244
9
95
137
225
8
207
15
87
141
208
14
96
149
205
2
209
12
205
9
96
139
186
14
97
163
223
8
67
138
195
12
96
144
190
87
121
189
6
18
25
10
94
157
195
5
50
8
61
10
88
144
203
10
221
10
70
14
158
203
201
12
89
127
225
208
8
89
149
207
15
95
130
210
16
91
132
191
150
189
16
223
8
86
142
243
6
88
121
194
13
26
5
95
130
201
5
61
6
19
50
3
70
11
122
192
119
195
8
65
8
222
8
87
113
223
0
187
182
199
12
92
132
204
150
240
2
83
141
201
158
226
13
85
117
231
4
246
9
218
15
174
226
9
205
15
50
8
223
14
219
13
199
4
95
155
208
11
243
188
70
1
62
9
90
155
215
5
19
105
5
245
14
170
186
15
205
13
26
9
90
146
215
188
41
15
102
7
18
39
15
84
118
212
9
88
132
206
1
48
12
95
163
187
5
95
131
200
138
198
4
206
8
222
202
1
62
190
139
227
138
204
15
96
146
248
7
65
15
82
2
97
169
209
7
90
109
229
11
65
196
9
61
188
144
193
16
244
4
50
1
31
11
122
223
9
18
39
14
70
9
156
190
101
7
61
2
96
122
234
14
114
212
8
97
179
185
2
83
125
224
16
219
5
87
123
233
100
187
5
50
3
97
124
220
190
1
93
127
242
8
93
112
245
7
86
164
197
4
179
199
1
82
7
96
124
197
8
35
9
220
15
110
199
1
87
113
222
16
84
139
224
3
98
144
202
6
65
1
169
212
16
92
165
195
4
93
123
227
7
216
0
8
216
2
94
158
231
8
26
13
199
0
138
212
93
132
203
16
70
15
93
126
194
11
205
12
97
179
187
8
92
131
221
6
156
205
11
87
140
210
2
82
178
210
210
3
17
66
11
221
8
85
114
248
6
83
152
229
8
94
124
193
12
96
123
248
7
219
6
70
14
61
14
170
201
87
143
199
<UNK>
4
65
15
84
129
221
8
216
1
42
183
228
3
93
111
236
15
67
209
209
4
70
192
62
5
98
150
185
11
95
124
217
217
7
70
14
243
12
153
186
10
216
16
91
144
248
5
219
2
92
166
221
221
100
194
7
70
5
95
132
213
183
243
9
94
141
192
34
7
84
136
193
30
15
89
127
196
87
108
196
120
192
222
3
91
126
191
126
209
4
86
127
248
10
243
0
188
9
98
6
102
210
11
94
136
218
10
97
129
187
4
91
127
185
0
13
221
94
137
204
2
87
151
205
2
243
11
89
129
204
10
65
14
108
232
8
84
139
208
